Accuracy: 0.9636707265854683
Precision: 0.9547686740759886
Recall: 0.9557567917205693
F1-score: 0.9552624773726403
